0.000000000000000000e+00 2.000000000000000000e+04 2.000000000000000000e+04 2.000000000000000000e+04 2.000000000000000000e+04
4.950495049504950729e-02 1.931371566281193373e+04 1.932549031759867648e+04 1.932549031759867648e+04 1.932535679360020731e+04
9.900990099009901457e-02 1.865098063519735297e+04 1.867372880078000890e+04 1.867372880078000890e+04 1.867347075999748267e+04
1.485148514851485357e-01 1.801098684104065978e+04 1.804394825664687960e+04 1.804394825664687960e+04 1.804357425059060915e+04
1.980198019801980291e-01 1.739295393272533329e+04 1.743540736625403952e+04 1.743540736625403952e+04 1.743492551122404984e+04
2.475247524752475226e-01 1.679612833965218670e+04 1.684738981199655609e+04 1.684738981199655609e+04 1.684680780871236129e+04
2.970297029702970715e-01 1.621978234940699258e+04 1.627920343442750163e+04 1.627920343442750163e+04 1.627852858682882106e+04
3.465346534653465649e-01 1.566321322045712077e+04 1.573017941751239050e+04 1.573017941751239050e+04 1.572941865076437534e+04
3.960396039603960583e-01 1.512574232529528308e+04 1.519967150136128475e+04 1.519967150136128475e+04 1.519883137909655488e+04
4.455445544554455517e-01 1.460671432298564650e+04 1.468705522151190235e+04 1.468705522151190235e+04 1.468614196234037991e+04
4.950495049504950451e-01 1.410549636010336508e+04 1.419172717386826844e+04 1.419172717386826844e+04 1.419074666718458502e+04
5.445544554455445940e-01 1.362147729909325608e+04 1.371310430442966208e+04 1.371310430442966208e+04 1.371206212554675403e+04
5.940594059405941429e-01 1.315406697310673189e+04 1.325062322297380888e+04 1.325062322297380888e+04 1.324952464761015290e+04
6.435643564356435808e-01 1.270269546640843328e+04 1.280373953988642643e+04 1.280373953988642643e+04 1.280258955803331264e+04
6.930693069306931298e-01 1.226681241947513627e+04 1.237192722535652319e+04 1.237192722535652319e+04 1.237073055455070607e+04
7.425742574257425677e-01 1.184588635793964568e+04 1.195467799018314690e+04 1.195467799018314690e+04 1.195343908820920660e+04
7.920792079207921166e-01 1.143940404456145916e+04 1.155150068746472061e+04 1.155150068746472061e+04 1.155022376451050150e+04
8.415841584158416655e-01 1.104686985343404194e+04 1.116192073446669565e+04 1.116192073446669565e+04 1.116060976475427742e+04
8.910891089108911034e-01 1.066780516566570259e+04 1.078547955398700105e+04 1.078547955398700105e+04 1.078413828690074297e+04
9.405940594059406523e-01 1.030174778579718804e+04 1.042173403456171400e+04 1.042173403456171400e+04 1.042036600529406860e+04
9.900990099009900902e-01 9.948251378244465741e+03 1.007025600887554901e+04 1.007025600887554901e+04 1.006886454861051789e+04
1.039603960396039639e+00 9.606884923079527653e+03 9.730631749763215339e+03 9.730631749763215339e+03 9.729219995416526217e+03
1.089108910891089188e+00 9.277232190485645333e+03 9.402461483208364371e+03 9.402461483208364371e+03 9.401032386742686867e+03
1.138613861386138737e+00 8.958891233246284173e+03 9.085358917766887316e+03 9.085358917766887316e+03 9.083915255099667775e+03
1.188118811881188286e+00 8.651473896648863956e+03 8.778950789860638906e+03 8.778950789860638906e+03 8.777495169381445521e+03
1.237623762376237613e+00 8.354605345205787671e+03 8.482876424406351362e+03 8.482876424406351362e+03 8.481411295119934948e+03
1.287128712871287162e+00 8.067923605615666929e+03 8.196787310262550818e+03 8.196787310262550818e+03 8.195314969573177223e+03
1.336633663366336711e+00 7.791079125407472020e+03 7.920346689994731605e+03 7.920346689994731605e+03 7.918869291146723299e+03
1.386138613861386260e+00 7.523734346729470417e+03 7.653229163475895803e+03 7.653229163475895803e+03 7.651748722664719025e+03
1.435643564356435808e+00 7.265563294763254817e+03 7.395120304855861832e+03 7.395120304855861832e+03 7.393638708023516301e+03
1.485148514851485135e+00 7.016251180261027912e+03 7.145716292448466447e+03 7.145716292448466447e+03 7.144235301776385313e+03
1.534653465346534684e+00 6.775494015721506912e+03 6.904723551100997611e+03 6.904723551100997611e+03 6.903244811213134199e+03
1.584158415841584233e+00 6.542998244736450033e+03 6.671858406624894087e+03 6.671858406624894087e+03 6.670383450513155367e+03
1.633663366336633782e+00 6.318480384055868853e+03 6.446846751880936608e+03 6.446846751880936608e+03 6.445377006564639487e+03
1.683168316831683331e+00 6.101666677935490043e+03 6.229423724125876106e+03 6.229423724125876106e+03 6.227960516056426059e+03
1.732673267326732658e+00 5.892292764345017531e+03 6.019333393240705846e+03 6.019333393240705846e+03 6.017877953462244477e+03
1.782178217821782207e+00 5.690103352630189875e+03 5.816328460473582709e+03 5.816328460473582709e+03 5.814881929549924280e+03
1.831683168316831756e+00 5.494851912235620148e+03 5.620169967342792006e+03 5.620169967342792006e+03 5.618733400060535132e+03
1.881188118811881305e+00 5.306300372108860756e+03 5.430627014357100052e+03 5.430627014357100052e+03 5.429201384214412428e+03
1.930693069306930854e+00 5.124218830419184997e+03 5.247476489222397504e+03 5.247476489222397504e+03 5.246062692712582248e+03
1.980198019801980180e+00 4.948385274237143676e+03 5.070502804214706885e+03 5.070502804214706885e+03 5.069101664913284367e+03
2.029702970297029729e+00 4.778585308833093222e+03 4.899497642410412482e+03 4.899497642410412482e+03 4.898109914874102287e+03
2.079207920792079278e+00 4.614611896264636016e+03 4.734259712474998196e+03 4.734259712474998196e+03 4.732886085960637502e+03
2.128712871287128827e+00 4.456265102934229617e+03 4.574594511721653362e+03 4.574594511721653362e+03 4.573235613732764250e+03
2.178217821782178376e+00 4.303351855809153676e+03 4.420314097160842721e+03 4.420314097160842721e+03 4.418970496829244439e+03
2.227722772277227925e+00 4.155685707006603479e+03 4.271236864271339982e+03 4.271236864271339982e+03 4.269909075580895660e+03
2.277227722772277474e+00 4.013086606456856316e+03 4.127187333232315723e+03 4.127187333232315723e+03 4.125875818091622023e+03
2.326732673267327023e+00 3.875380682367328973e+03 3.987995942364851089e+03 3.987995942364851089e+03 3.986701113535386867e+03
2.376237623762376572e+00 3.742400029219834323e+03 3.853498848539737082e+03 3.853498848539737082e+03 3.852221072425729744e+03
2.425742574257425677e+00 3.613982503042548160e+03 3.723537734316616934e+03 3.723537734316616934e+03 3.722277333622622336e+03
2.475247524752475226e+00 3.489971523707057258e+03 3.597959621587454876e+03 3.597959621587454876e+03 3.596716877849400134e+03
2.524752475247524774e+00 3.370215884009431193e+03 3.476616691504968003e+03 3.476616691504968003e+03 3.475391847500171480e+03
2.574257425742574323e+00 3.254569565302526371e+03 3.359366110484060300e+03 3.359366110484060300e+03 3.358159372525510662e+03
2.623762376237623872e+00 3.142891559454721573e+03 3.246069862071441548e+03 3.246069862071441548e+03 3.244881402191404050e+03
2.673267326732673421e+00 3.035045696918004069e+03 3.136594584485525957e+03 3.136594584485525957e+03 3.135424542513330380e+03
2.722772277227722970e+00 2.930900480695760962e+03 3.030811413635373810e+03 3.030811413635373810e+03 3.029659899174040220e+03
2.772277227722772519e+00 2.830328926007837254e+03 2.928595831433898638e+03 2.928595831433898638e+03 2.927462925740057472e+03
2.821782178217822068e+00 2.733208405457362460e+03 2.829827519226782897e+03 2.829827519226782897e+03 2.828713276998167657e+03
2.871287128712871617e+00 2.639420499510554691e+03 2.734390216164573758e+03 2.734390216164573758e+03 2.733294667239182218e+03
2.920792079207920722e+00 2.548850852107194896e+03 2.642171582351251345e+03 2.642171582351251345e+03 2.641094733322096999e+03
2.970297029702970271e+00 2.461389031225714007e+03 2.553063066608174267e+03 2.553063066608174267e+03 2.552004902357395622e+03
3.019801980198019820e+00 2.376928394232878418e+03 2.466959778697752881e+03 2.466959778697752881e+03 2.465920263853676261e+03
3.069306930693069368e+00 2.295365957853898180e+03 2.383760365856439876e+03 2.383760365856439876e+03 2.382739446177052741e+03
3.118811881188118917e+00 2.216602272604407517e+03 2.303366893491705468e+03 2.303366893491705468e+03 2.302364497177844896e+03
3.168316831683168466e+00 2.140541301531213776e+03 2.225684729902564868e+03 2.225684729902564868e+03 2.224700768843989408e+03
3.217821782178218015e+00 2.067090303113962364e+03 2.150622434887962299e+03 2.150622434887962299e+03 2.149656805845339477e+03
3.267326732673267564e+00 1.996159718184940402e+03 2.078091652111890198e+03 2.078091652111890198e+03 2.077144237837607307e+03
3.316831683168317113e+00 1.927663060729137214e+03 2.008007005098548689e+03 2.008007005098548689e+03 2.007077675399126292e+03
3.366336633663366662e+00 1.861516812431416611e+03 1.940285996735115987e+03 1.940285996735115987e+03 1.939374609477890772e+03
3.415841584158416211e+00 1.797640320842220035e+03 1.874848912163839032e+03 1.874848912163839032e+03 1.873955314230465092e+03
3.465346534653465316e+00 1.735955701037632934e+03 1.811618724949134275e+03 1.811618724949134275e+03 1.810742753138346416e+03
3.514851485148514865e+00 1.676387740653910214e+03 1.750521006409247775e+03 1.750521006409247775e+03 1.749662488291224236e+03
3.564356435643564414e+00 1.618863808180666865e+03 1.691483838005750385e+03 1.691483838005750385e+03 1.690642592730312572e+03
3.613861386138613963e+00 1.563313764400916170e+03 1.634437726687738859e+03 1.634437726687738859e+03 1.633613565748530618e+03
3.663366336633663511e+00 1.509669876869973223e+03 1.579315523091094519e+03 1.579315523091094519e+03 1.578508251047791191e+03
3.712871287128713060e+00 1.457866737328948375e+03 1.526052342496511756e+03 1.526052342496511756e+03 1.525261757657020553e+03
3.762376237623762609e+00 1.407841181952132274e+03 1.474585488453255948e+03 1.474585488453255948e+03 1.473811383517784634e+03
3.811881188118812158e+00 1.359532214331028172e+03 1.424854378978745672e+03 1.424854378978745672e+03 1.424096541647536924e+03
3.861386138613861707e+00 1.312880931101128681e+03 1.376800475247091299e+03 1.376800475247091299e+03 1.376058688793539204e+03
3.910891089108911256e+00 1.267830450120749219e+03 1.330367212682645913e+03 1.330367212682645913e+03 1.329641256493440778e+03
3.960396039603960361e+00 1.224325841114351078e+03 1.285499934377460704e+03 1.285499934377460704e+03 1.284789584461331515e+03
4.009900990099009910e+00 1.182314058695782023e+03 1.242145826754267546e+03 1.242145826754267546e+03 1.241450856220828882e+03
4.059405940594059459e+00 1.141743877689773853e+03 1.200253857399260141e+03 1.200253857399260141e+03 1.199574036909399410e+03
4.108910891089109008e+00 1.102565830672830998e+03 1.159774714991493283e+03 1.159774714991493283e+03 1.159109813180674337e+03
4.158415841584158557e+00 1.064732147657355426e+03 1.120660751258193386e+03 1.120660751258193386e+03 1.120010535133990516e+03
4.207920792079208105e+00 1.028196697845462722e+03 1.082865924887653819e+03 1.082865924887653819e+03 1.082230160202773277e+03
4.257425742574257654e+00 9.929149333814712008e+02 1.046345747333694590e+03 1.046345747333694590e+03 1.045724198935685081e+03
4.306930693069307203e+00 9.588438350344795253e+02 1.011057230447893289e+03 1.011057230447893289e+03 1.010449662606693778e+03
4.356435643564356752e+00 9.259418597448045603e+02 9.769588358779448072e+02 9.769588358779448072e+02 9.763650125923652467e+02
4.405940594059406301e+00 8.941688899703221978e+02 9.440104261725848573e+02 9.440104261725848573e+02 9.434301114567707600e+02
4.455445544554455850e+00 8.634861847709487392e+02 9.121732175355244863e+02 9.121732175355244863e+02 9.116061756864052086e+02
4.504950495049505399e+00 8.338563325716196459e+02 8.814097341727805315e+02 8.814097341727805315e+02 8.808557300194586333e+02
4.554455445544554948e+00 8.052432055461704294e+02 8.516837641796646494e+02 8.516837641796646494e+02 8.511425633156607091e+02
4.603960396039604497e+00 7.776119155664981690e+02 8.229603169155052456e+02 8.229603169155052456e+02 8.224316859147298828e+02
4.653465346534654046e+00 7.509287716632934462e+02 7.952055818159267346e+02 7.952055818159267346e+02 7.946892884332147560e+02
4.702970297029703595e+00 7.251612389464738726e+02 7.683868885942057432e+02 7.683868885942057432e+02 7.678827019512069683e+02
4.752475247524753144e+00 7.002778989352310646e+02 7.424726687848548181e+02 7.424726687848548181e+02 7.419803595420419242e+02
4.801980198019801804e+00 6.762484112493202701e+02 7.174324185841680901e+02 7.174324185841680901e+02 7.169517590996861145e+02
4.851485148514851353e+00 6.530434766148841845e+02 6.932366629439870849e+02 6.932366629439870849e+02 6.927674274200368245e+02
4.900990099009900902e+00 6.306348011397024038e+02 6.698569208764220093e+02 6.698569208764220093e+02 6.693988854938372697e+02
4.950495049504950451e+00 6.089950618143079737e+02 6.472656719286878797e+02 6.472656719286878797e+02 6.468186149703367391e+02
5.000000000000000000e+00 5.880978731969061073e+02 6.254363237885929721e+02 6.254363237885929721e+02 6.250000257522036691e+02
